2.854000000000000000e+03
5.460000000000000000e+02
8.800000000000000000e+01
1.033000000000000000e+03
-1.960000000000000000e+03
-5.500000000000000000e+01
-1.727000000000000000e+03
-1.072000000000000000e+03
1.204000000000000000e+03
-1.680000000000000000e+03
-4.270000000000000000e+02
2.919000000000000000e+03
-7.810000000000000000e+02
-1.887000000000000000e+03
1.077000000000000000e+03
-8.380000000000000000e+02
-7.390000000000000000e+02
-1.252000000000000000e+03
8.480000000000000000e+02
-2.000000000000000000e+01
-1.616000000000000000e+03
-8.070000000000000000e+02
-9.130000000000000000e+02
-7.250000000000000000e+02
4.168000000000000000e+03
-6.440000000000000000e+02
-2.060000000000000000e+03
1.854000000000000000e+03
1.691000000000000000e+03
-8.600000000000000000e+01
-6.880000000000000000e+02
-1.256000000000000000e+03
3.346000000000000000e+03
2.978000000000000000e+03
1.028000000000000000e+03
-1.796000000000000000e+03
-2.592000000000000000e+03
-3.700000000000000000e+01
1.990000000000000000e+02
5.420000000000000000e+02
2.976000000000000000e+03
-4.820000000000000000e+02
-1.410000000000000000e+03
2.420000000000000000e+02
3.180000000000000000e+02
3.123000000000000000e+03
1.829000000000000000e+03
-2.326000000000000000e+03
-2.370000000000000000e+03
-5.709000000000000000e+03
-4.148000000000000000e+03
-1.580000000000000000e+02
8.600000000000000000e+01
-1.040000000000000000e+03
-6.200000000000000000e+02
8.760000000000000000e+02
-1.370000000000000000e+03
1.457000000000000000e+03
3.386000000000000000e+03
3.071000000000000000e+03
-1.700000000000000000e+03
-1.382000000000000000e+03
-1.380000000000000000e+03
-3.320000000000000000e+02
1.420000000000000000e+02
-1.200000000000000000e+03
-3.330000000000000000e+02
-2.680000000000000000e+02
2.588000000000000000e+03
1.420000000000000000e+03
-1.729000000000000000e+03
4.320000000000000000e+02
-1.235000000000000000e+03
-5.600000000000000000e+01
2.283000000000000000e+03
8.050000000000000000e+02
1.248000000000000000e+03
1.459000000000000000e+03
2.015000000000000000e+03
1.792000000000000000e+03
-4.739000000000000000e+03
1.175000000000000000e+03
1.341000000000000000e+03
-1.165000000000000000e+03
7.970000000000000000e+02
1.668000000000000000e+03
-9.480000000000000000e+02
9.990000000000000000e+02
-2.330000000000000000e+02
3.130000000000000000e+02
-2.810000000000000000e+02
1.682000000000000000e+03
6.650000000000000000e+02
-1.459000000000000000e+03
1.180000000000000000e+02
7.020000000000000000e+02
-1.094000000000000000e+03
2.070000000000000000e+02
-4.120000000000000000e+02
9.560000000000000000e+02
2.147000000000000000e+03
1.798000000000000000e+03
-2.619000000000000000e+03
-5.560000000000000000e+02
-4.800000000000000000e+02
1.144000000000000000e+03
2.214000000000000000e+03
-6.100000000000000000e+02
1.332000000000000000e+03
1.940000000000000000e+02
1.662000000000000000e+03
5.170000000000000000e+02
-9.300000000000000000e+02
3.780000000000000000e+02
-1.394000000000000000e+03
-8.250000000000000000e+02
1.035000000000000000e+03
1.849000000000000000e+03
1.470000000000000000e+02
2.258000000000000000e+03
-2.290000000000000000e+02
-1.836000000000000000e+03
-1.620000000000000000e+03
2.779000000000000000e+03
9.540000000000000000e+02
-9.300000000000000000e+01
-6.260000000000000000e+02
-7.600000000000000000e+01
-1.308000000000000000e+03
6.270000000000000000e+02
1.428000000000000000e+03
2.442000000000000000e+03
-3.133000000000000000e+03
-2.290000000000000000e+03
7.090000000000000000e+02
3.990000000000000000e+02
-2.420000000000000000e+02
-6.900000000000000000e+01
-5.300000000000000000e+02
8.600000000000000000e+01
-8.290000000000000000e+02
6.760000000000000000e+02
1.375000000000000000e+03
-6.590000000000000000e+02
1.302000000000000000e+03
-9.980000000000000000e+02
5.100000000000000000e+02
4.780000000000000000e+02
-2.040000000000000000e+02
-1.282000000000000000e+03
-4.960000000000000000e+02
-1.264000000000000000e+03
-3.080000000000000000e+02
7.800000000000000000e+02
1.490000000000000000e+02
-8.000000000000000000e+01
2.910000000000000000e+02
-4.700000000000000000e+01
-5.140000000000000000e+02
-1.623000000000000000e+03
9.070000000000000000e+02
5.430000000000000000e+02
7.610000000000000000e+02
-2.405000000000000000e+03
-5.380000000000000000e+02
-4.340000000000000000e+02
5.000000000000000000e+00
1.623000000000000000e+03
3.663000000000000000e+03
-4.930000000000000000e+02
-2.502000000000000000e+03
-1.050000000000000000e+03
-1.304000000000000000e+03
1.190000000000000000e+02
3.445000000000000000e+03
-3.230000000000000000e+02
1.944000000000000000e+03
-1.243000000000000000e+03
4.270000000000000000e+02
-1.135000000000000000e+03
3.140000000000000000e+02
-1.128000000000000000e+03
-1.132000000000000000e+03
-1.003000000000000000e+03
-9.780000000000000000e+02
-1.255000000000000000e+03
-4.724000000000000000e+03
3.104000000000000000e+03
7.840000000000000000e+02
8.470000000000000000e+02
4.900000000000000000e+01
-6.950000000000000000e+02
-2.951000000000000000e+03
-5.900000000000000000e+01
-9.670000000000000000e+02
3.580000000000000000e+02
-1.778000000000000000e+03
-3.910000000000000000e+02
1.490000000000000000e+02
1.253000000000000000e+03
7.980000000000000000e+02
6.550000000000000000e+02
-9.850000000000000000e+02
-4.100000000000000000e+02
1.380000000000000000e+03
7.910000000000000000e+02
-1.717000000000000000e+03
4.930000000000000000e+02
6.900000000000000000e+02
7.380000000000000000e+02
-2.321000000000000000e+03
6.010000000000000000e+02
8.600000000000000000e+02
1.090000000000000000e+03
-7.530000000000000000e+02
1.056000000000000000e+03
-9.300000000000000000e+01
-1.640000000000000000e+03
1.692000000000000000e+03
-6.180000000000000000e+02
6.800000000000000000e+01
3.510000000000000000e+02
-1.681000000000000000e+03
-1.017000000000000000e+03
2.790000000000000000e+02
-1.468000000000000000e+03
1.800000000000000000e+01
5.580000000000000000e+02
-1.373000000000000000e+03
3.628000000000000000e+03
1.068000000000000000e+03
8.570000000000000000e+02
2.611000000000000000e+03
1.417000000000000000e+03
1.213000000000000000e+03
2.460000000000000000e+02
2.138000000000000000e+03
9.760000000000000000e+02
1.297000000000000000e+03
-1.651000000000000000e+03
-1.395000000000000000e+03
-2.603000000000000000e+03
4.100000000000000000e+01
3.874000000000000000e+03
2.385000000000000000e+03
1.735000000000000000e+03
1.437000000000000000e+03
-3.220000000000000000e+02
-2.700000000000000000e+03
-2.529000000000000000e+03
