-0.215341
0.213266
-0.245277
-0.351888
-0.782254
0.263256
-0.383847
0.000478
-0.641769
-0.110888
0.345110
0.366969
-0.189806
-0.082843
0.172736
0.287186
0.246842
0.294458
-0.531479
-0.351986
-0.035896
-0.342551
-0.261584
-0.263643
0.528633
-0.467878
-0.280705
-0.354551
0.107845
0.111235
-0.536769
-0.037053
0.037124
-0.380209
-0.355417
0.369308
-0.138231
-0.613525
-0.004617
-0.577194
0.609057
0.094586
-0.418581
0.092068
-0.153217
-0.037901
-0.000293
0.395105
0.273932
0.124542
-0.889479
0.228597
0.619409
0.431772
-0.147687
0.481885
-0.061471
0.407185
0.172504
0.524882
0.570734
0.122792
-1.021586
0.219477
-0.098463
-1.123005
-0.384643
-0.293203
-0.281026
0.503902
-0.282451
-0.397707
-0.194248
0.457109
0.773435
0.150319
-0.076762
-0.076006
-1.113913
-0.135851
0.021557
0.840435
-0.288065
0.339410
0.261702
-0.771574
0.577633
-0.168501
0.152624
0.206804
-0.711933
-0.068556
0.578943
-0.515085
0.224746
-0.344830
0.616526
0.153319
-0.603493
0.920641
0.159530
0.226949
-0.436877
0.109367
0.091335
-0.623096
-0.407671
-0.385114
0.059214
-0.299099
0.308353
0.154161
-0.326798
0.454030
0.080335
-0.801579
-0.185770
0.018133
0.162395
-0.250775
0.603948
0.091621
-0.071805
-0.431728
-0.421179
-0.383196
-0.440761
0.373732
0.360691
-0.066731
-0.036358
-0.177530
-0.320555
0.048519
-0.016415
-0.378983
0.545993
-0.426549
-0.172386
-0.225730
0.029572
0.139140
-0.838056
-0.015347
-0.178544
-0.579540
0.508121
0.106135
0.045728
-0.493374
0.546427
0.139363
0.200299
-0.038300
-0.253585
-0.053982
-0.063447
-0.328216
0.093142
0.324479
-0.104563
-0.310163
0.032266
0.408500
-0.109111
0.550478
0.737814
-0.066400
-0.083360
0.361460
0.436381
0.071451
-0.446075
-0.305189
0.486587
-0.483709
0.321565
-0.186951
-0.426382
0.245734
0.121685
-0.165539
-0.329533
0.080510
-0.210871
-0.290714
-0.278629
0.662548
0.073560
0.334089
0.124136
-0.149148
-0.656802
0.181145
-0.345911
0.185289
0.242078
-0.359419
-0.342168
0.107728
-0.053139
-0.451407
-0.390718
-0.328949
-0.197244
0.138249
-0.312285
0.342020
-0.177312
0.339178
0.116018
0.173489
0.054996
0.040693
-0.117657
0.149943
0.168080
0.244343
-0.095254
-0.328172
0.447600
0.706264
-0.269468
0.330511
-0.835751
-0.042585
-0.518743
0.300762
0.132339
0.499100
0.247043
-0.230144
0.430782
0.036616
-0.397998
-0.438275
0.091050
0.065882
0.599052
-0.275750
-0.541751
-0.287793
0.080301
-0.387769
-0.506641
0.190704
0.422450
-0.080174
0.235489
-1.001162
-0.135365
-0.241923
0.317917
-0.499589
-0.202724
-0.205292
-0.111882
-0.894006
-0.292450
-0.181685
0.025013
0.913513
-0.439733
-0.521693
-0.497602
-0.238819
0.037257
0.253061
-0.496668
1.051046
-0.059301
-0.326799
-0.437532
0.066112
0.656381
-0.269947
-0.369538
-0.047852
0.034854
-0.549806
-0.277676
0.021153
0.174826
0.359715
-0.555985
0.704780
0.127134
-0.580877
0.613270
-0.006354
0.899273
0.147409
-0.062448
0.353515
-0.186109
0.416954
0.042005
1.073560
0.270003
0.034575
-0.747207
-0.026312
0.787992
0.292535
0.935793
0.792832
0.601369
0.104036
-0.163119
0.185162
0.028033
-0.331952
-0.918177
-0.086157
0.260259
-1.030106
-0.430187
-0.236192
-0.406157
0.680266
0.002611
-0.136361
-0.399934
0.534153
0.692547
-0.185512
0.504518
0.000850
-0.401710
-0.280079
0.012141
-0.013534
-1.000973
-0.234162
0.422123
-0.249548
0.216224
0.011542
0.312826
0.013223
-0.407265
0.137392
0.168549
-0.814637
0.654075
0.068890
0.216342
-0.293598
0.484379
0.246072
0.308429
0.638085
-0.096455
-0.574050
-0.521552
-0.477739
-0.246675
-0.343867
0.057267
-0.298671
-0.040834
0.211751
-0.170507
0.257919
0.088039
-0.271236
-0.405097
0.242934
0.179227
0.250877
0.050457
0.236150
-0.197335
-0.525783
0.023522
-0.152828
-0.668641
0.339323
0.547543
-0.258933
-0.298664
0.287666
-0.722883
-0.000596
0.273782
0.106436
0.356044
-0.260951
0.345021
0.016469
0.283013
-0.501323
0.130126
-0.208088
0.111396
-0.137849
-0.197849
0.020130
-0.110307
-0.989442
0.744195
-0.066153
-0.730642
-0.148227
0.025675
-0.235934
-0.012205
0.121660
0.632000
-0.172330
0.017687
0.264408
-0.078033
-0.462876
-0.280574
-0.069965
0.330309
0.098251
0.381490
0.172555
0.080837
0.155169
-0.364303
0.228563
0.606789
-0.243292
0.064574
0.606397
-0.060269
0.419117
-0.080814
-0.023210
-0.164670
0.720966
-0.496159
-0.083352
-0.026325
0.136210
-0.433585
-0.027253
-0.120914
0.048827
-0.303561
0.360184
-0.111587
0.144925
-0.027763
-1.030453
0.244327
0.322259
-0.198752
-0.675158
-0.820210
0.077070
0.156070
0.532332
-0.136161
-0.376273
0.030565
0.231528
0.331741
-0.182327
-0.164159
-0.081255
-0.466462
-0.276706
0.188739
0.833221
0.297694
-0.056615
0.026289
-0.047413
0.398491
0.359437
-0.655650
-0.049213
-0.500079
0.589523
-0.073168
0.073528
-0.318162
-0.050182
0.255666
0.148815
0.062329
-0.143464
0.363679
0.136190
-0.139759
-0.437283
-0.518302
-0.085770
0.005725
-0.053940
-0.197398
0.039130
0.200724
-0.149054
0.236815
-0.545428
